0  2  up  18  0
12  1  up  19  0
25  1  up  20  0
38  2  down  1  0
50  3  up  7  0
63  6  down  1  0
75  9  up  12  0
88  12  up  15  0
100  15  down  10  0
113  10  down  5  0
125  13  up  18  0
138  16  down  11  0
150  11  down  5  0
163  6  down  2  0
175  9  up  16  0
188  12  up  19  0
200  15  down  10  0
213  10  down  5  0
225  13  up  18  0
238  16  up  21  0
250  19  down  15  0
263  14  down  8  0
275  9  up  16  0
288  12  down  7  0
300  7  down  2  0
313  2  up  6  0
325  5  up  9  0
338  8  up  12  0
350  11  up  15  0
363  14  down  9  0
375  9  down  4  0
388  4  down  1  0
400  1  up  5  0
413  6  up  10  0
425  9  down  4  0
438  4  up  8  0
450  7  up  11  0
463  10  up  14  0
475  13  up  17  0
488  16  down  12  0
500  11  down  6  0
513  6  down  1  0
525  1  up  5  0
538  4  down  1  0
550  1  up  6  0
563  7  up  11  0
575  10  up  14  0
588  13  up  18  0